image: /home/syahrul/first_map_karto.pgm
resolution: 0.050000
origin: [-2.939633, -2.552626, 0.000000]
negate: 0
occupied_thresh: 0.65
free_thresh: 0.196

